Modularity: 0.863988 
Community 1: 
[17, 56, 112, 121, 129, 137, 150, 151, 173, 174, 176, 195, 198, 202, 229, 263, 270, 283, 344, 358, 390, 408, 421, 426, 429, 433, 463, 465, 466, 492, 514, 559, 597, 600, 620, 644, 645, 646, 650, 658, 687, 731, 741, 773, 774, 822, 823, 841, 850, 873, 878, 919, 923, 924, 981, 988, 990, 1002, 1038, 1040, 1041, 1042, 1043, 1045, 1050, 1053, 1076, 1101, 1107, 1116, 1186, 1204, 1207, 1214, 1256, 1259, 1290, 1299, 1311, 1319, 1330, 1355, 1410, 1434, 1437, 1448, 1449, 1452, 1478, 1484, 1485, 1499, 1509, 1512, 1526, 1534, 1536, 1537, 1543, 1544, 1550, 1551, 1552, 1555, 1562, 1565, 1567, 1572, 1594, 1597, 1630, 1644, 1645, 1647, 1652, 1669, 1673, 1688, 1689, 1696, 1720, 1792, 1798, 1812, 1826, 1828, 1840, 1848, 1876, 1950, 1975, 1976, 1989, 1992, 1994, 1997, 2064, 2083, 2090, 2120, 2123, 2129, 2135, 2164, 2231, 2239, 2292, 2309, 2425, 2473, 2474, 2507, 2539, 2548, 2551, 2598, 2602, 2657, 2700, 2776, 2783, 2791, 2838, 2852, 2853, 2882, 2885, 2905, 2906, 2907, 2913, 2985, 2990, 3028, 3038, 3087, 3121, 3144, 3186, 3195, 3279, 3302, 3315, 3367, 3380, 3434, 3461, 3471, 3474, 3477, 3483, 3487]
Community 2: 
[27, 85, 87, 91, 142, 156, 181, 252, 273, 284, 334, 355, 356, 366, 368, 378, 410, 422, 431, 432, 435, 440, 458, 460, 470, 477, 493, 505, 509, 536, 557, 579, 584, 585, 595, 604, 612, 633, 656, 680, 708, 722, 780, 785, 830, 833, 837, 838, 858, 863, 896, 897, 906, 958, 983, 984, 999, 1003, 1021, 1035, 1123, 1147, 1163, 1199, 1271, 1285, 1336, 1347, 1364, 1435, 1440, 1445, 1451, 1528, 1546, 1569, 1577, 1592, 1604, 1626, 1674, 1675, 1676, 1677, 1682, 1695, 1716, 1717, 1731, 1750, 1760, 1774, 1815, 1817, 1830, 2039, 2061, 2152, 2276, 2426, 2452, 2498, 2636, 2655, 2662, 2726, 2737, 2738, 2802, 2814, 2815, 2937, 3101, 3146]
Community 3: 
[7, 21, 67, 159, 162, 178, 212, 242, 251, 276, 297, 315, 319, 324, 361, 397, 455, 520, 583, 632, 698, 721, 729, 732, 761, 763, 779, 792, 802, 804, 809, 813, 827, 828, 829, 843, 857, 859, 868, 869, 883, 931, 954, 1009, 1019, 1023, 1109, 1127, 1140, 1146, 1164, 1166, 1194, 1202, 1215, 1276, 1354, 1365, 1369, 1415, 1416, 1444, 1450, 1453, 1460, 1502, 1661, 1662, 1671, 1702, 1728, 1739, 1742, 1764, 1794, 1800, 1827, 1882, 1883, 2006, 2025, 2092, 2104, 2139, 2181, 2185, 2265, 2277, 2304, 2322, 2326, 2346, 2429, 2448, 2528, 2557, 2587, 2603, 2605, 2606, 2615, 2647, 2744, 2760, 2803, 2843, 3069, 3100, 3112, 3156, 3165, 3239]
Community 4: 
[102, 133, 158, 170, 278, 313, 362, 447, 452, 522, 528, 548, 561, 571, 581, 728, 749, 790, 855, 945, 962, 1018, 1096, 1212, 1367, 1402, 1442, 1480, 1511, 1529, 1530, 1532, 1668, 1704, 1779, 1804, 1835, 1851, 1854, 1936, 1949, 1982, 1990, 1991, 2058, 2084, 2144, 2172, 2258, 2279, 2285, 2317, 2318, 2342, 2418, 2480, 2499, 2506, 2535, 2536, 2540, 2559, 2570, 2674, 2702, 2705, 2721, 2775, 2778, 2863, 2864, 2888, 2891, 2930, 2941, 3060, 3071, 3081, 3140, 3161, 3169, 3188, 3216, 3217, 3231, 3252, 3293, 3294, 3356, 3467, 3470, 3479, 3484, 3485]
Community 5: 
[57, 69, 70, 117, 296, 401, 445, 471, 474, 596, 598, 610, 627, 653, 684, 697, 709, 762, 793, 795, 832, 866, 886, 887, 892, 905, 912, 965, 972, 977, 998, 1005, 1006, 1037, 1052, 1128, 1154, 1201, 1247, 1251, 1253, 1406, 1427, 1493, 1494, 1513, 1571, 1587, 1607, 1612, 1613, 1614, 1654, 1736, 1769, 1819, 1831, 1875, 1880, 1885, 1909, 1930, 1946, 2024, 2053, 2125, 2242, 2262, 2366, 2493, 2521, 2631, 2638, 2741, 2833, 2901, 2916, 2924, 2960, 2976, 2977, 2993, 3062, 3088, 3090, 3124, 3364, 3452, 3493, 3495]
Community 6: 
[76, 115, 134, 233, 269, 272, 289, 652, 717, 801, 803, 814, 1000, 1073, 1345, 1395, 1508, 1780, 1852, 1922, 1935, 1979, 2011, 2041, 2067, 2109, 2143, 2179, 2193, 2230, 2284, 2286, 2353, 2357, 2363, 2382, 2401, 2484, 2486, 2495, 2496, 2518, 2522, 2583, 2624, 2637, 2683, 2707, 2742, 2749, 2750, 2770, 2818, 2873, 2900, 2943, 2975, 2996, 3001, 3004, 3006, 3015, 3055, 3117, 3182, 3238, 3296, 3305, 3355, 3362, 3372, 3381, 3385, 3500, 3501, 3502, 3503, 3504, 3505, 3506, 3507]
Community 7: 
[49, 60, 61, 62, 64, 164, 225, 299, 301, 352, 577, 657, 686, 711, 767, 847, 879, 936, 1027, 1039, 1115, 1139, 1189, 1190, 1191, 1223, 1236, 1240, 1264, 1325, 1346, 1474, 1483, 1486, 1491, 1618, 1619, 1633, 1653, 1686, 1732, 1743, 1820, 2000, 2003, 2036, 2082, 2089, 2157, 2194, 2196, 2274, 2340, 2402, 2430, 2555, 2635, 2663, 2673, 2686, 2689, 2779, 2788, 2813, 2817, 2879, 2892, 3056, 3068, 3119, 3122, 3147, 3183, 3215, 3243, 3281, 3334, 3344, 3350, 3410, 3435]
Community 8: 
[18, 29, 131, 341, 388, 443, 475, 549, 554, 647, 681, 700, 747, 750, 751, 791, 848, 849, 885, 961, 1044, 1258, 1291, 1301, 1432, 1488, 1678, 1679, 1789, 1808, 1910, 1951, 1958, 2002, 2013, 2070, 2128, 2176, 2255, 2267, 2302, 2358, 2362, 2400, 2439, 2476, 2487, 2503, 2512, 2546, 2641, 2642, 2643, 2656, 2666, 2680, 2698, 2821, 2841, 2894, 2897, 2898, 2899, 2948, 2956, 2970, 2982, 3018, 3022, 3057, 3083, 3096, 3178, 3197, 3233, 3255, 3304, 3368, 3448]
Community 9: 
[10, 42, 74, 80, 107, 136, 153, 187, 190, 196, 211, 231, 234, 237, 268, 399, 417, 428, 495, 525, 544, 566, 605, 639, 688, 689, 739, 797, 927, 952, 982, 1048, 1136, 1177, 1213, 1237, 1338, 1356, 1368, 1523, 1599, 1719, 1765, 1768, 1785, 1942, 1964, 1986, 1999, 2027, 2060, 2081, 2154, 2223, 2243, 2301, 2339, 2375, 2406, 2410, 2463, 2492, 2494, 2509, 2801, 2984, 3008, 3013, 3016, 3080, 3187, 3218, 3237, 3295, 3375, 3393, 3395, 3481, 3482]
Community 10: 
[15, 922, 1046, 1392, 1553, 1730, 1911, 1924, 1932, 1952, 1953, 1954, 2009, 2046, 2078, 2168, 2201, 2212, 2213, 2283, 2296, 2305, 2306, 2316, 2398, 2411, 2412, 2437, 2438, 2440, 2500, 2504, 2549, 2556, 2569, 2577, 2600, 2639, 2687, 2712, 2720, 2752, 2758, 2762, 2787, 2797, 2809, 2840, 2872, 2935, 2936, 2979, 3019, 3024, 3048, 3072, 3132, 3134, 3135, 3173, 3176, 3214, 3219, 3220, 3353, 3358, 3386, 3432, 3451, 3454]
Community 11: 
[22, 38, 68, 104, 105, 140, 634, 713, 781, 798, 806, 834, 920, 1120, 1148, 1149, 1272, 1286, 1298, 1300, 1433, 1481, 1482, 1545, 1620, 1746, 1844, 1917, 1968, 2012, 2022, 2026, 2042, 2156, 2188, 2215, 2226, 2351, 2544, 2582, 2588, 2678, 2695, 2704, 2706, 2722, 2728, 2922, 2923, 2934, 2944, 2972, 3058, 3174, 3181, 3248, 3280, 3282, 3283, 3301, 3311, 3312, 3388, 3423, 3442, 3444, 3449, 3480]
Community 12: 
[119, 254, 337, 402, 416, 699, 730, 946, 947, 971, 1110, 1232, 1273, 1293, 1389, 1390, 1596, 1603, 1690, 1919, 1965, 2005, 2045, 2047, 2096, 2107, 2121, 2190, 2197, 2203, 2214, 2222, 2224, 2332, 2367, 2368, 2377, 2421, 2472, 2571, 2572, 2580, 2585, 2685, 2703, 2710, 2734, 2736, 2768, 2799, 2854, 2858, 2921, 3040, 3063, 3142, 3207, 3208, 3226, 3227, 3228, 3229, 3287, 3337, 3340, 3351]
Community 13: 
[203, 282, 395, 472, 484, 516, 550, 570, 589, 800, 910, 1047, 1192, 1206, 1387, 1425, 1447, 2008, 2014, 2044, 2050, 2162, 2206, 2208, 2209, 2211, 2238, 2270, 2315, 2324, 2335, 2409, 2417, 2447, 2457, 2517, 2575, 2593, 2607, 2688, 2701, 2709, 2764, 2915, 2950, 2998, 3066, 3118, 3120, 3139, 3202, 3240, 3246, 3259, 3268, 3274, 3276, 3278, 3394, 3401, 3417]
Community 14: 
[1, 157, 238, 293, 323, 353, 423, 439, 454, 512, 564, 575, 580, 1138, 1153, 1170, 1221, 1332, 1334, 1470, 1535, 1561, 1741, 2069, 2110, 2200, 2228, 2256, 2280, 2348, 2365, 2404, 2467, 2523, 2616, 2620, 2621, 2644, 2661, 2672, 2747, 2790, 2792, 2828, 2850, 2884, 2887, 2968, 3073, 3077, 3175, 3200, 3209, 3264, 3265, 3292, 3306, 3318, 3378, 3422]
Community 15: 
[13, 434, 523, 535, 552, 553, 613, 614, 616, 856, 1058, 1119, 1254, 1692, 1693, 1734, 1775, 1907, 1916, 2062, 2240, 2254, 2443, 2446, 2449, 2511, 2563, 2578, 2628, 2677, 2697, 2719, 2771, 2845, 2878, 2961, 2973, 3021, 3023, 3064, 3067, 3273, 3346, 3363, 3371, 3396, 3402, 3462]
Community 16: 
[149, 228, 244, 250, 271, 311, 406, 504, 765, 807, 909, 917, 993, 995, 1001, 1010, 1013, 1054, 1129, 1131, 1132, 1159, 1252, 1380, 1462, 1568, 1606, 1637, 1641, 1672, 1700, 1707, 1713, 1795, 1849, 1900, 1984, 2038, 2175, 2466, 2761, 2820, 2958, 3258, 3491, 3494]
Community 17: 
[28, 139, 256, 288, 318, 321, 330, 407, 601, 603, 669, 674, 696, 734, 737, 738, 865, 1172, 1288, 1370, 1373, 1412, 1519, 1650, 1681, 1726, 1855, 1856, 1857, 1858, 1860, 1861, 1970, 2088, 2158, 2189, 2294, 2811, 3407]
Community 18: 
[86, 90, 155, 191, 226, 286, 314, 372, 500, 638, 788, 1056, 1196, 1265, 1296, 1431, 1439, 1518, 1525, 1699, 1832, 1938, 1998, 2163, 2287, 2288, 2327, 2550, 2682, 2971, 3136, 3166, 3347, 3427]
Community 19: 
[12, 223, 565, 648, 703, 805, 1088, 1173, 1219, 1250, 1377, 1396, 1459, 1477, 1517, 1602, 2019, 2068, 2085, 2177, 2234, 2370, 2371, 2491, 2622, 2954, 2991, 3102, 3212, 3333, 3409, 3418]
Community 20: 
[194, 210, 403, 461, 462, 640, 641, 701, 901, 907, 1034, 1049, 1209, 1608, 1763, 1901, 1903, 1906, 2020, 2021, 2034, 2086, 2347, 2388, 2679, 2945, 3221, 3329, 3343, 3345, 3349]
Community 21: 
[189, 281, 340, 420, 478, 479, 526, 538, 572, 573, 582, 720, 815, 839, 1208, 1248, 1320, 1339, 1343, 1374, 1642, 1694, 1791, 1821, 1853, 1859, 2241, 2800, 2933]
Community 22: 
[179, 207, 298, 317, 782, 796, 819, 824, 825, 826, 867, 888, 894, 1065, 1113, 1160, 1171, 1243, 1436, 1505, 1506, 1762, 2786, 2851, 2856, 2969, 3189, 3275, 3288]
Community 23: 
[172, 213, 677, 694, 1217, 1228, 1422, 1423, 1584, 1610, 1722, 1811, 2132, 2334, 2352, 2414, 2505, 2547, 2632, 2664, 3020, 3111, 3115, 3143, 3168, 3309, 3342, 3441]
Community 24: 
[255, 693, 1239, 1326, 1666, 1783, 1886, 1887, 1888, 2119, 2488, 2489, 2568, 2611, 2693, 2812, 3059, 3133, 3152, 3206, 3210, 3445, 3446, 3465, 3473, 3475, 3476]
Community 25: 
[63, 227, 245, 302, 370, 845, 944, 986, 1156, 1315, 1358, 1554, 1557, 1575, 1586, 1796, 1797, 1846, 1977, 2114, 2236, 2745, 3034, 3128, 3235]
Community 26: 
[6, 135, 332, 766, 1242, 1549, 1871, 1872, 1873, 1939, 2108, 2423, 2589, 2590, 2591, 2793, 2794, 2819, 3026, 3031, 3086, 3098, 3224, 3383, 3391]
Community 27: 
[735, 1111, 1563, 1889, 1980, 1985, 2052, 2099, 2131, 2148, 2380, 2381, 2389, 2515, 2519, 2608, 2877, 2988, 3054, 3196, 3234, 3326, 3339, 3455]
Community 28: 
[262, 488, 490, 521, 706, 746, 1295, 1428, 1891, 1973, 2272, 2372, 2390, 2501, 2502, 2525, 2554, 2634, 3000, 3095, 3130, 3213, 3469]
Community 29: 
[108, 143, 274, 287, 342, 343, 369, 501, 591, 748, 778, 895, 1759, 1978, 2004, 2035, 2075, 2091, 2147, 2716, 2751, 3138, 3389]
Community 30: 
[169, 459, 532, 555, 576, 1032, 1142, 1263, 1510, 1531, 1542, 1589, 1595, 1628, 1634, 1747, 1933, 2385, 2477, 2633, 2708, 2931]
Community 31: 
[496, 649, 818, 1310, 1340, 1348, 1360, 1372, 1385, 1467, 1524, 1638, 1838, 2127, 2248, 2541, 2604, 2748, 2953]
Community 32: 
[126, 235, 543, 733, 876, 980, 1099, 1408, 1409, 1424, 2321, 2350, 2392, 2393, 2537, 2836, 2837, 3061]
Community 33: 
[331, 456, 716, 994, 1077, 1078, 1079, 1086, 1087, 1801, 1877, 1971, 1972, 2173, 2730, 2732]
Community 34: 
[26, 1591, 1659, 1665, 2532, 2626, 2717, 2823, 2889, 2903, 3320, 3321, 3322, 3323, 3408, 3508]
Community 35: 
[1169, 1890, 2227, 2263, 2308, 2311, 2313, 2464, 2810, 2824, 2865, 2869, 3249]
Community 36: 
[846, 1187, 1289, 1588, 1683, 1684, 1698, 1793, 2221, 2369, 3299]
Community 37: 
[405, 816, 1388, 2250, 2618, 2625, 2653, 2694, 3085, 3192, 3199]
Community 38: 
[953, 963, 1383, 1393, 1399, 2031, 2785, 2796, 3245, 3261]
Community 39: 
[777, 1627, 2268, 2378, 2445, 2743, 2848, 2849, 2938, 3286]
Community 40: 
[152, 1097, 1134, 1155, 1869, 1870, 1974, 2115, 2303, 2729]
Community 41: 
[295, 335, 336, 510, 592, 651, 1257, 1758, 2124]
Community 42: 
[167, 328, 347, 902, 1007, 1193, 1466, 1472, 1617]
Community 43: 
[32, 997, 2140, 2141, 2142, 2627, 2676, 2947, 3478]
Community 44: 
[2076, 2145, 2218, 2244, 2997, 3242, 3412, 3463]
Community 45: 
[957, 1241, 1317, 2106, 2617, 2746, 3033, 3193]
Community 46: 
[934, 2023, 2103, 2136, 2195, 2300, 2329, 3082]
Community 47: 
[392, 1787, 1788, 1824, 3457, 3458, 3459, 3460]
Community 48: 
[217, 1028, 1062, 1106, 1398, 1497, 2295, 3205]
Community 49: 
[1904, 1905, 1940, 2032, 2033, 2105, 2111]
Community 50: 
[1899, 2063, 2219, 2290, 2419, 2714, 2927]
Community 51: 
[916, 1151, 1705, 1706, 2846, 3365, 3366]
Community 52: 
[621, 1292, 1898, 2422, 2648, 2649, 3382]
Community 53: 
[489, 753, 754, 2337, 2654, 2763, 3374]
Community 54: 
[183, 188, 939, 940, 941, 1093, 1564]
Community 55: 
[84, 1059, 1183, 1188, 1611, 3114, 3116]
Community 56: 
[36, 97, 99, 1072, 1249, 3497, 3498]
Community 57: 
[1520, 1639, 1961, 2261, 2895, 2896]
Community 58: 
[742, 943, 1314, 1615, 1621, 1663]
Community 59: 
[350, 926, 1102, 1469, 1495, 2942]
Community 60: 
[333, 364, 1394, 1825, 2386, 3035]
Community 61: 
[224, 365, 517, 1126, 1878, 2920]
Community 62: 
[163, 180, 942, 973, 1996, 3419]
Community 63: 
[19, 20, 928, 1658, 2999, 3319]
Community 64: 
[2040, 2387, 2431, 3225, 3428]
Community 65: 
[1816, 1847, 3029, 3030, 3464]
Community 66: 
[1008, 1966, 2028, 2434, 2866]
Community 67: 
[755, 1580, 1884, 1943, 2343]
Community 68: 
[551, 1004, 1180, 1839, 2359]
Community 69: 
[411, 1118, 1908, 2450, 3379]
Community 70: 
[208, 482, 1238, 2713, 3354]
Community 71: 
[166, 300, 457, 1157, 1881]
Community 72: 
[130, 1426, 2049, 2384, 3232]
Community 73: 
[122, 567, 770, 1108, 2187]
Community 74: 
[95, 976, 2724, 3036, 3332]
Community 75: 
[52, 891, 1074, 1573, 2113]
Community 76: 
[23, 25, 2133, 2364, 2485]
Community 77: 
[2835, 2955, 3042, 3456]
Community 78: 
[2670, 2781, 2874, 2875]
Community 79: 
[2652, 2739, 2757, 2857]
Community 80: 
[2594, 2595, 3007, 3492]
Community 81: 
[2586, 2929, 3044, 3045]
Community 82: 
[2435, 2640, 2780, 3251]
Community 83: 
[2407, 2932, 2974, 3070]
Community 84: 
[2247, 2552, 3164, 3172]
Community 85: 
[2016, 2017, 2612, 2766]
Community 86: 
[1959, 2094, 2520, 2613]
Community 87: 
[1945, 2338, 2395, 2983]
Community 88: 
[1920, 2051, 2225, 3414]
Community 89: 
[1894, 1895, 1969, 2478]
Community 90: 
[1419, 2271, 3106, 3424]
Community 91: 
[1359, 3052, 3341, 3433]
Community 92: 
[1224, 1284, 2253, 2731]
Community 93: 
[1216, 2102, 2911, 3123]
Community 94: 
[1090, 1124, 2079, 2510]
Community 95: 
[1082, 2465, 2805, 2808]
Community 96: 
[882, 1514, 1515, 2691]
Community 97: 
[811, 1161, 3011, 3160]
Community 98: 
[760, 1767, 1809, 2312]
Community 99: 
[758, 1733, 2186, 3373]
Community 100: 
[719, 1737, 1738, 1761]
Community 101: 
[664, 1915, 1937, 2951]
Community 102: 
[623, 624, 625, 626]
Community 103: 
[606, 835, 1842, 3399]
Community 104: 
[506, 1926, 1927, 2553]
Community 105: 
[499, 569, 1465, 1643]
Community 106: 
[486, 487, 702, 799]
Community 107: 
[448, 449, 450, 1799]
Community 108: 
[430, 2010, 2441, 2462]
Community 109: 
[419, 545, 1784, 1845]
Community 110: 
[398, 560, 1057, 1697]
Community 111: 
[391, 491, 871, 1220]
Community 112: 
[381, 1162, 1475, 1476]
Community 113: 
[351, 1471, 1813, 3129]
Community 114: 
[349, 480, 483, 1282]
Community 115: 
[305, 2122, 2235, 2259]
Community 116: 
[265, 1414, 1863, 1864]
Community 117: 
[243, 291, 642, 1837]
Community 118: 
[219, 220, 221, 222]
Community 119: 
[218, 724, 1061, 1308]
Community 120: 
[206, 216, 643, 1814]
Community 121: 
[171, 789, 1405, 2989]
Community 122: 
[161, 588, 978, 1635]
Community 123: 
[127, 3151, 3405, 3406]
Community 124: 
[116, 757, 1327, 1328]
Community 125: 
[94, 533, 3257, 3430]
Community 126: 
[82, 185, 2432, 2433]
Community 127: 
[73, 199, 1274, 1680]
Community 128: 
[47, 672, 1309, 1397]
Community 129: 
[37, 89, 1375, 1490]
Community 130: 
[35, 48, 54, 743]
Community 131: 
[33, 43, 44, 45]
Community 132: 
[31, 1260, 1781, 2966]
Community 133: 
[2, 103, 3141, 3437]
Community 134: 
[3093, 3113, 3211]
Community 135: 
[2867, 3359, 3416]
Community 136: 
[2774, 2782, 3267]
Community 137: 
[2660, 2832, 3400]
Community 138: 
[2592, 2669, 3411]
Community 139: 
[2584, 2629, 3392]
Community 140: 
[2481, 2789, 3185]
Community 141: 
[2442, 3037, 3110]
Community 142: 
[2394, 2893, 3127]
Community 143: 
[2383, 2399, 2513]
Community 144: 
[2356, 2436, 2914]
Community 145: 
[2345, 2918, 3429]
Community 146: 
[2336, 2965, 3190]
Community 147: 
[2333, 2424, 2860]
Community 148: 
[2314, 2692, 3387]
Community 149: 
[2310, 2415, 2545]
Community 150: 
[2281, 2753, 2904]
Community 151: 
[2260, 2360, 2765]
Community 152: 
[2252, 2293, 2299]
Community 153: 
[2246, 2769, 3443]
Community 154: 
[2237, 2735, 3154]
Community 155: 
[2232, 2690, 3272]
Community 156: 
[2137, 2428, 3413]
Community 157: 
[2134, 2455, 3009]
Community 158: 
[2118, 2516, 2564]
Community 159: 
[2117, 3051, 3285]
Community 160: 
[2093, 2354, 3108]
Community 161: 
[2072, 2112, 2116]
Community 162: 
[2048, 2609, 3137]
Community 163: 
[1993, 3157, 3369]
Community 164: 
[1931, 2095, 2826]
Community 165: 
[1918, 3084, 3254]
Community 166: 
[1914, 1995, 2355]
Community 167: 
[1896, 1897, 3468]
Community 168: 
[1893, 2217, 3003]
Community 169: 
[1636, 2001, 3163]
Community 170: 
[1593, 3330, 3331]
Community 171: 
[1583, 1655, 3289]
Community 172: 
[1533, 1538, 1539]
Community 173: 
[1473, 2282, 2928]
Community 174: 
[1457, 1461, 3046]
Community 175: 
[1417, 1418, 3105]
Community 176: 
[1352, 1421, 3041]
Community 177: 
[1335, 2220, 2561]
Community 178: 
[1333, 2138, 2581]
Community 179: 
[1318, 3191, 3310]
Community 180: 
[1210, 2245, 2531]
Community 181: 
[1168, 1923, 2530]
Community 182: 
[1150, 1712, 2153]
Community 183: 
[1141, 1143, 1353]
Community 184: 
[1117, 2233, 2566]
Community 185: 
[1094, 1095, 1632]
Community 186: 
[1081, 1786, 1957]
Community 187: 
[1063, 1064, 2054]
Community 188: 
[1036, 1711, 1803]
Community 189: 
[1022, 1024, 1025]
Community 190: 
[1014, 2015, 3348]
Community 191: 
[956, 1015, 1016]
Community 192: 
[938, 1752, 1874]
Community 193: 
[935, 1244, 1245]
Community 194: 
[903, 1955, 1956]
Community 195: 
[877, 889, 2374]
Community 196: 
[852, 1616, 2420]
Community 197: 
[810, 1522, 3201]
Community 198: 
[783, 1105, 2479]
Community 199: 
[692, 2483, 3420]
Community 200: 
[691, 1631, 1810]
Community 201: 
[683, 1233, 1234]
Community 202: 
[636, 705, 3014]
Community 203: 
[635, 3438, 3439]
Community 204: 
[631, 654, 1407]
Community 205: 
[619, 1060, 1841]
Community 206: 
[615, 617, 618]
Community 207: 
[611, 786, 787]
Community 208: 
[609, 2427, 2727]
Community 209: 
[608, 655, 714]
Community 210: 
[578, 1122, 1727]
Community 211: 
[556, 1718, 1721]
Community 212: 
[541, 562, 1297]
Community 213: 
[537, 2373, 2376]
Community 214: 
[508, 1504, 1623]
Community 215: 
[497, 1137, 3370]
Community 216: 
[473, 744, 3415]
Community 217: 
[469, 726, 3043]
Community 218: 
[468, 503, 1413]
Community 219: 
[425, 794, 1833]
Community 220: 
[415, 1175, 1492]
Community 221: 
[400, 725, 831]
Community 222: 
[393, 992, 1033]
Community 223: 
[389, 530, 587]
Community 224: 
[384, 1771, 2275]
Community 225: 
[383, 547, 3027]
Community 226: 
[375, 376, 1281]
Community 227: 
[363, 453, 908]
Community 228: 
[357, 904, 3092]
Community 229: 
[354, 1691, 3325]
Community 230: 
[345, 756, 1230]
Community 231: 
[339, 685, 1624]
Community 232: 
[329, 360, 377]
Community 233: 
[322, 467, 898]
Community 234: 
[279, 1121, 1357]
Community 235: 
[261, 2396, 2397]
Community 236: 
[259, 260, 539]
Community 237: 
[240, 1302, 1834]
Community 238: 
[239, 933, 2150]
Community 239: 
[236, 1754, 3089]
Community 240: 
[232, 1235, 3104]
Community 241: 
[215, 913, 914]
Community 242: 
[197, 1755, 2490]
Community 243: 
[192, 1323, 1464]
Community 244: 
[186, 312, 3499]
Community 245: 
[184, 1479, 3324]
Community 246: 
[182, 1988, 2842]
Community 247: 
[175, 718, 1867]
Community 248: 
[148, 821, 1806]
Community 249: 
[141, 854, 1489]
Community 250: 
[128, 836, 2619]
Community 251: 
[125, 1165, 1660]
Community 252: 
[124, 531, 861]
Community 253: 
[93, 884, 1862]
Community 254: 
[78, 248, 2830]
Community 255: 
[77, 1715, 2681]
Community 256: 
[75, 951, 2529]
Community 257: 
[66, 3198, 3250]
Community 258: 
[46, 110, 111]
Community 259: 
[34, 2251, 3047]
Community 260: 
[5, 1921, 3126]
Community 261: 
[3488, 3490]
Community 262: 
[3316, 3317]
Community 263: 
[3297, 3376]
Community 264: 
[3170, 3171]
Community 265: 
[3155, 3404]
Community 266: 
[3153, 3313]
Community 267: 
[3145, 3150]
Community 268: 
[3097, 3450]
Community 269: 
[3091, 3403]
Community 270: 
[3074, 3103]
Community 271: 
[3053, 3241]
Community 272: 
[3032, 3398]
Community 273: 
[3017, 3271]
Community 274: 
[2925, 3390]
Community 275: 
[2908, 2909]
Community 276: 
[2902, 2992]
Community 277: 
[2883, 2952]
Community 278: 
[2881, 3447]
Community 279: 
[2880, 3298]
Community 280: 
[2831, 2834]
Community 281: 
[2816, 3440]
Community 282: 
[2804, 3266]
Community 283: 
[2754, 2755]
Community 284: 
[2740, 2981]
Community 285: 
[2733, 3489]
Community 286: 
[2667, 2668]
Community 287: 
[2646, 2798]
Community 288: 
[2630, 2684]
Community 289: 
[2610, 3180]
Community 290: 
[2576, 3184]
Community 291: 
[2574, 3269]
Community 292: 
[2534, 3050]
Community 293: 
[2526, 2861]
Community 294: 
[2514, 3005]
Community 295: 
[2482, 2926]
Community 296: 
[2470, 2599]
Community 297: 
[2461, 2471]
Community 298: 
[2344, 3425]
Community 299: 
[2341, 2497]
Community 300: 
[2331, 2671]
Community 301: 
[2328, 2408]
Community 302: 
[2319, 2320]
Community 303: 
[2297, 2298]
Community 304: 
[2289, 2623]
Community 305: 
[2264, 2538]
Community 306: 
[2257, 3167]
Community 307: 
[2229, 2562]
Community 308: 
[2171, 2567]
Community 309: 
[2167, 2665]
Community 310: 
[2166, 2939]
Community 311: 
[2160, 3162]
Community 312: 
[2151, 3179]
Community 313: 
[2149, 3384]
Community 314: 
[2146, 2560]
Community 315: 
[2101, 2451]
Community 316: 
[2080, 2269]
Community 317: 
[2073, 2074]
Community 318: 
[2071, 2614]
Community 319: 
[2065, 2917]
Community 320: 
[2059, 2291]
Community 321: 
[2056, 3300]
Community 322: 
[2055, 3149]
Community 323: 
[2043, 3466]
Community 324: 
[2037, 2278]
Community 325: 
[2030, 2596]
Community 326: 
[2018, 2184]
Community 327: 
[1987, 2962]
Community 328: 
[1983, 2711]
Community 329: 
[1962, 2964]
Community 330: 
[1960, 2829]
Community 331: 
[1947, 3236]
Community 332: 
[1944, 2182]
Community 333: 
[1941, 2855]
Community 334: 
[1934, 2458]
Community 335: 
[1928, 1929]
Community 336: 
[1925, 2910]
Community 337: 
[1913, 2601]
Community 338: 
[1912, 2543]
Community 339: 
[1902, 2777]
Community 340: 
[1892, 3453]
Community 341: 
[1866, 3065]
Community 342: 
[1802, 2651]
Community 343: 
[1772, 2827]
Community 344: 
[1756, 2784]
Community 345: 
[1740, 3431]
Community 346: 
[1729, 3336]
Community 347: 
[1709, 2361]
Community 348: 
[1656, 1735]
Community 349: 
[1646, 3303]
Community 350: 
[1625, 1879]
Community 351: 
[1581, 1590]
Community 352: 
[1576, 2159]
Community 353: 
[1566, 3148]
Community 354: 
[1547, 1574]
Community 355: 
[1540, 1807]
Community 356: 
[1521, 2416]
Community 357: 
[1516, 3338]
Community 358: 
[1507, 3277]
Community 359: 
[1503, 2527]
Community 360: 
[1500, 3109]
Community 361: 
[1458, 1773]
Community 362: 
[1446, 1527]
Community 363: 
[1441, 1865]
Community 364: 
[1420, 3357]
Community 365: 
[1403, 1404]
Community 366: 
[1391, 1454]
Community 367: 
[1384, 1753]
Community 368: 
[1381, 1382]
Community 369: 
[1366, 2987]
Community 370: 
[1349, 1386]
Community 371: 
[1337, 2155]
Community 372: 
[1329, 2126]
Community 373: 
[1321, 1963]
Community 374: 
[1307, 2205]
Community 375: 
[1283, 2198]
Community 376: 
[1280, 1487]
Community 377: 
[1279, 3002]
Community 378: 
[1275, 2994]
Community 379: 
[1267, 1268]
Community 380: 
[1262, 2967]
Community 381: 
[1255, 1556]
Community 382: 
[1246, 2460]
Community 383: 
[1231, 1378]
Community 384: 
[1227, 3360]
Community 385: 
[1226, 1981]
Community 386: 
[1198, 1649]
Community 387: 
[1197, 1629]
Community 388: 
[1195, 1211]
Community 389: 
[1185, 1324]
Community 390: 
[1178, 1179]
Community 391: 
[1174, 2871]
Community 392: 
[1158, 1184]
Community 393: 
[1144, 3079]
Community 394: 
[1125, 2029]
Community 395: 
[1112, 3263]
Community 396: 
[1104, 3094]
Community 397: 
[1103, 1748]
Community 398: 
[1098, 2825]
Community 399: 
[1089, 2170]
Community 400: 
[1085, 1312]
Community 401: 
[1075, 1344]
Community 402: 
[1071, 2699]
Community 403: 
[1069, 2057]
Community 404: 
[1051, 3436]
Community 405: 
[1031, 2773]
Community 406: 
[1030, 1723]
Community 407: 
[1020, 2759]
Community 408: 
[1017, 2756]
Community 409: 
[1012, 1725]
Community 410: 
[996, 1585]
Community 411: 
[991, 1313]
Community 412: 
[987, 1135]
Community 413: 
[979, 1823]
Community 414: 
[975, 2723]
Community 415: 
[970, 1560]
Community 416: 
[967, 2266]
Community 417: 
[955, 1376]
Community 418: 
[948, 2718]
Community 419: 
[932, 1070]
Community 420: 
[921, 1316]
Community 421: 
[915, 1582]
Community 422: 
[899, 3397]
Community 423: 
[881, 1400]
Community 424: 
[880, 1011]
Community 425: 
[875, 3377]
Community 426: 
[874, 1455]
Community 427: 
[870, 2946]
Community 428: 
[851, 1080]
Community 429: 
[842, 1776]
Community 430: 
[820, 1401]
Community 431: 
[759, 1411]
Community 432: 
[745, 1570]
Community 433: 
[736, 1805]
Community 434: 
[727, 1429]
Community 435: 
[723, 2199]
Community 436: 
[715, 1379]
Community 437: 
[704, 2558]
Community 438: 
[695, 1200]
Community 439: 
[682, 1496]
Community 440: 
[679, 2847]
Community 441: 
[678, 3247]
Community 442: 
[675, 2169]
Community 443: 
[670, 2007]
Community 444: 
[667, 1145]
Community 445: 
[662, 1463]
Community 446: 
[660, 2508]
Community 447: 
[659, 1026]
Community 448: 
[637, 3260]
Community 449: 
[630, 690]
Community 450: 
[622, 676]
Community 451: 
[607, 2919]
Community 452: 
[590, 1498]
Community 453: 
[586, 2573]
Community 454: 
[574, 593]
Community 455: 
[563, 985]
Community 456: 
[542, 1176]
Community 457: 
[534, 1029]
Community 458: 
[529, 1229]
Community 459: 
[524, 3203]
Community 460: 
[515, 2862]
Community 461: 
[502, 2959]
Community 462: 
[498, 1744]
Community 463: 
[494, 2806]
Community 464: 
[485, 3204]
Community 465: 
[476, 1294]
Community 466: 
[446, 2565]
Community 467: 
[444, 599]
Community 468: 
[442, 1341]
Community 469: 
[437, 1270]
Community 470: 
[414, 1114]
Community 471: 
[409, 1829]
Community 472: 
[404, 1579]
Community 473: 
[396, 2097]
Community 474: 
[394, 2204]
Community 475: 
[387, 3131]
Community 476: 
[386, 1203]
Community 477: 
[382, 385]
Community 478: 
[380, 2469]
Community 479: 
[379, 1559]
Community 480: 
[374, 1598]
Community 481: 
[373, 2066]
Community 482: 
[359, 2767]
Community 483: 
[348, 1278]
Community 484: 
[346, 1269]
Community 485: 
[327, 1548]
Community 486: 
[326, 2870]
Community 487: 
[308, 1091]
Community 488: 
[307, 860]
Community 489: 
[303, 2077]
Community 490: 
[292, 1751]
Community 491: 
[290, 1322]
Community 492: 
[280, 1067]
Community 493: 
[277, 864]
Community 494: 
[247, 1790]
Community 495: 
[246, 568]
Community 496: 
[241, 776]
Community 497: 
[230, 1205]
Community 498: 
[205, 1777]
Community 499: 
[204, 1609]
Community 500: 
[193, 518]
Community 501: 
[165, 1438]
Community 502: 
[145, 3039]
Community 503: 
[144, 2890]
Community 504: 
[138, 2323]
Community 505: 
[132, 960]
Community 506: 
[114, 1066]
Community 507: 
[106, 1868]
Community 508: 
[101, 1055]
Community 509: 
[96, 438]
Community 510: 
[88, 1703]
Community 511: 
[83, 1152]
Community 512: 
[81, 177]
Community 513: 
[79, 519]
Community 514: 
[71, 1724]
Community 515: 
[59, 92]
Community 516: 
[55, 1948]
Community 517: 
[53, 424]
Community 518: 
[51, 109]
Community 519: 
[50, 147]
Community 520: 
[40, 817]
Community 521: 
[39, 2876]
Community 522: 
[30, 769]
Community 523: 
[16, 1430]
Community 524: 
[14, 1277]
Community 525: 
[3, 4]
Community 526: 
[0, 2379]
