132
Circle	#1
160	1	35	3	7	10	176	49	148	85	56	121	154	92	28	61	159	
Circle	#2
57	143	
Circle	#3
147	133	157	
Circle	#4
65	164	53	6	87	58	155	107	29	93	126	
Circle	#5
130	115	118	8	138	
Circle	#6
0	33	129	161	67	133	101	134	137	141	110	113	145	114	82	125	157	
Circle	#7
75	127	
Circle	#8
66	14	175	111	
Circle	#9
132	4	136	139	12	142	16	18	21	149	22	23	152	25	26	29	30	158	31	163	37	165	40	169	41	42	43	44	45	48	177	178	51	179	180	54	62	63	69	71	72	74	76	77	78	81	84	88	94	97	99	104	112	116	119	120	122	
Circle	#10
80	96	50	20	100	86	103	24	9	106	91	
Circle	#11
216	218	
Circle	#12
278	249	218	303	207	
Circle	#13
195	276	182	218	267	255	
Circle	#14
258	260	261	262	264	266	267	271	272	273	274	276	277	281	282	291	292	295	299	302	303	306	307	309	310	182	311	183	312	184	185	186	194	195	197	202	205	211	215	218	223	224	226	229	230	231	233	234	235	236	238	240	241	242	243	247	248	249	255	
Circle	#15
193	194	196	203	268	204	207	210	275	212	213	279	216	219	283	221	286	289	225	228	293	232	298	300	239	308	246	250	251	252	253	189	190	
Circle	#16
241	307	292	295	299	223	
Circle	#17
226	197	202	299	236	302	303	240	306	211	276	309	182	183	247	281	185	282	255	
Circle	#18
264	267	299	236	302	303	306	243	211	309	182	215	183	247	281	255	
Circle	#19
226	195	261	262	264	266	202	299	236	302	238	303	306	276	309	183	281	282	218	
Circle	#20
224	260	292	229	262	234	299	236	205	302	303	243	312	184	281	249	185	218	
Circle	#21
329	458	395	
Circle	#22
385	387	389	391	392	393	394	395	396	399	400	401	402	403	411	413	414	416	417	419	420	421	422	424	426	436	438	442	443	444	447	448	321	450	324	325	454	327	328	329	458	460	333	463	464	337	338	467	469	341	473	345	347	349	478	479	351	355	484	357	359	361	489	491	492	364	493	365	366	495	368	496	497	369	370	371	373	502	374	375	376	506	508	381	382	383	
Circle	#23
386	396	399	408	409	410	412	418	419	421	423	430	433	435	438	440	314	444	317	318	319	447	320	321	453	456	457	330	343	474	475	477	350	480	354	483	356	486	487	360	491	494	499	500	502	375	506	378	380	
Circle	#24
513	514	515	519	522	523	526	527	528	529	530	532	533	534	536	537	540	542	544	545	549	553	554	555	556	557	558	561	562	564	568	573	578	587	590	591	594	596	598	601	602	610	613	615	616	617	618	619	250	251	510	
Circle	#25
224	260	292	229	262	234	299	236	205	302	303	243	184	281	249	185	218	
Circle	#26
514	578	515	522	523	587	526	590	527	528	530	596	532	533	534	536	601	537	540	542	610	549	613	616	553	554	618	555	619	556	557	558	564	250	510	
Circle	#27
258	260	262	264	205	211	276	218	603	223	226	231	295	234	299	236	302	238	303	240	306	243	309	182	247	184	249	186	
Circle	#28
640	641	642	644	645	646	648	652	653	656	660	663	665	666	667	668	670	674	675	676	679	680	681	682	684	686	687	688	690	692	693	695	697	698	701	702	703	705	706	708	709	710	712	713	714	715	720	721	722	724	730	734	735	738	741	622	623	626	627	629	630	631	632	633	636	637	
Circle	#29
640	641	645	646	648	650	653	656	657	659	662	663	665	666	667	668	674	675	676	677	679	680	681	682	684	686	687	689	690	691	692	693	694	697	701	702	703	704	705	706	707	708	709	710	713	714	715	720	721	722	724	726	728	730	734	735	736	738	741	621	622	624	626	629	630	631	632	633	636	637	
Circle	#30
768	833	774	839	840	841	842	778	780	848	785	787	789	854	792	797	861	866	803	806	807	809	873	876	880	754	820	885	760	889	762	826	891	893	830	
Circle	#31
824	
Circle	#32
836	857	795	748	879	
Circle	#33
836	837	888	744	776	857	795	845	878	879	751	831	
Circle	#34
896	770	772	773	774	775	776	778	780	783	785	786	787	791	792	793	794	795	798	799	803	806	809	810	811	812	815	820	821	822	826	828	830	831	832	833	836	837	838	839	840	841	842	844	846	848	849	851	854	857	859	860	861	864	866	868	742	870	743	872	873	745	748	876	749	877	879	751	880	753	754	883	885	757	759	760	889	761	893	765	895	
Circle	#35
962	969	923	926	
Circle	#36
906	957	
Circle	#37
1010	947	915	388	949	952	921	
Circle	#38
1009	946	
Circle	#39
912	961	985	990	
Circle	#40
898	388	901	965	904	905	970	907	972	909	973	974	975	976	977	979	916	918	982	983	920	986	925	927	929	930	994	1002	938	1006	944	946	947	950	955	
Circle	#41
982	
Circle	#42
992	963	995	996	932	901	971	941	910	978	979	980	1014	920	953	954	956	958	927	959	
Circle	#43
961	917	918	935	952	953	985	1001	1005	957	990	
Circle	#44
953	986	908	989	
Circle	#45
928	1010	931	915	900	949	917	966	921	923	991	943	
Circle	#46
960	899	964	902	903	967	968	911	913	914	981	919	923	987	924	993	997	933	934	998	936	1000	937	939	1003	1004	1005	942	1007	945	1011	1012	1013	1014	951	953	
Circle	#47
992	994	962	963	965	901	967	969	1002	908	940	975	944	977	1010	978	979	947	1014	982	920	923	958	927	
Circle	#48
1152	1153	1156	1092	1126	1064	1128	1035	1164	1100	1101	1136	1074	1174	1143	1049	1082	1115	1116	1085	1181	1087	1183	
Circle	#49
1159	1095	1097	1098	1163	1099	1039	1103	1104	1041	1105	1111	1176	1180	1117	1184	1120	1124	1125	1063	1066	1131	1068	1072	1073	1079	1017	1145	1081	1018	
Circle	#50
1057	1170	1140	1029	1127	1144	1020	1133	1134	1022	47	
Circle	#51
1040	1106	1058	1062	1160	1051	1036	1038	
Circle	#52
1152	1088	930	1186	1155	1029	1158	1094	1031	1130	909	1041	1045	1175	1112	1119	1055	
Circle	#53
1024	1025	1154	1028	1157	1161	1033	1034	1165	1037	1169	1042	1171	1043	1172	1044	1047	1048	1050	1178	1179	1053	1182	1054	1185	1061	1069	1070	1071	1076	1077	1078	1080	1083	1084	1089	1090	1091	1109	1113	1114	1121	1122	1123	1129	1135	1137	1138	1139	1141	1142	1015	1146	1147	1019	1148	1023	1151	
Circle	#54
1328	1216	1329	1362	1298	1332	1188	1220	1207	1352	1290	
Circle	#55
1328	1362	1314	1220	1209	1354	1195	1276	1294	1198	1343	1295	
Circle	#56
1280	1344	1330	1363	1241	1273	809	1212	1294	1310	1247	
Circle	#57
1281	1283	1285	1286	1289	1290	1293	1296	1298	1299	1300	1301	1302	1303	1305	1306	1308	1309	1313	1314	1316	1317	1318	1319	1321	1325	1326	1327	1328	1329	1333	1335	1336	1337	1338	1340	1341	1343	1345	1346	1349	1351	1352	1353	1355	1358	1359	1362	1365	1366	1368	1372	1187	1188	1189	1194	1200	1205	1206	1209	1210	1214	1216	1218	1219	1220	1222	1223	1224	1227	1228	1229	1233	1236	1242	1243	1245	1246	1250	1255	1257	1258	1261	1263	1264	1265	1266	1267	1268	1269	1270	1271	1272	1274	1275	1278	1279	
Circle	#58
1344	1248	1314	1253	1254	1194	1259	1291	1324	1198	1295	1327	1201	1361	1268	1334	1238	1240	1209	1306	1211	1276	1342	1343	
Circle	#59
1408	1410	1411	1412	647	1544	1417	1418	1421	1550	1425	1427	1557	1558	1431	1559	1561	1434	1435	1436	1439	1568	1440	1441	1569	1571	1572	1573	1445	1574	1446	1582	1456	1586	1461	1589	1591	1467	1600	1473	1603	1604	1605	1607	1610	1483	1492	1493	732	1504	1377	1378	1507	1384	1513	1514	1388	1516	1389	1390	1519	1526	1401	1529	1531	1405	1406	1407	
Circle	#60
1602	1282	1476	1413	904	1481	974	1489	1041	1554	1494	920	1432	1112	1564	1244	1503	1567	1376	930	1570	1379	1380	1383	1512	1448	1386	1580	1453	1518	1455	1395	1459	1399	1468	
Circle	#61
1536	0	1537	1539	1540	1542	1543	1545	1546	1548	1551	1552	1553	1041	1554	1555	1556	1560	1562	1563	1565	1566	1572	1575	1576	1577	1578	1579	1581	1583	1584	1585	1587	1588	1592	1593	1594	1595	1596	1597	1598	1599	1601	1602	1606	1374	1378	1380	1381	1382	1383	1384	1385	1386	1387	1388	1392	1393	1394	1395	1396	1400	1401	1402	1403	1404	1409	1410	1413	1414	1415	1416	1419	1423	1424	1426	1428	1429	1430	1431	920	1433	1435	1437	1442	1443	1444	1447	1448	1449	1450	1452	1454	1458	1460	1462	1463	1468	1469	1470	1471	1472	1475	1476	1479	1480	1481	1482	1484	1485	1486	1487	1488	1489	1490	1491	1494	1495	1497	1499	1500	1501	1503	1505	1506	1508	1509	1510	1511	1512	1515	1518	1520	1521	1522	1524	1525	1527	1528	1530	1532	1533	1534	
Circle	#62
1536	0	1537	1538	1540	1477	1541	1478	1415	1608	1545	1484	1420	1549	1430	1495	1496	1562	1499	1563	1500	1373	1438	1502	1375	1382	1576	1391	1520	1457	1396	1524	1397	1398	1528	1592	1464	1594	1466	1404	1597	1470	1598	
Circle	#63
1680	
Circle	#64
1745	1674	
Circle	#65
1634	1715	1718	1703	1615	
Circle	#66
1664	1715	1636	1671	1627	1709	1727	
Circle	#67
1730	1699	1670	1638	1674	1643	1744	1746	1620	1716	1717	1624	1656	1658	1692	
Circle	#68
1728	1731	1732	1672	1613	1614	1682	1683	1684	1621	1623	1755	1756	1630	1697	101	1701	1705	1642	1713	1651	1652	1655	1723	1660	
Circle	#69
1665	1666	1668	1669	1670	1672	1673	1681	1682	1683	1684	1686	1687	1690	1691	1694	1695	1698	1702	1704	1705	1706	1707	1712	1713	1717	1719	1720	1721	1722	1723	1724	1725	1727	1728	1729	1731	1732	1736	1737	1738	1611	1740	1612	1613	1741	1616	1749	1750	1622	1623	1751	1624	1752	1626	1754	1628	1757	1630	1758	1759	1760	1632	1633	1761	1634	1762	1637	1639	1641	1645	1646	1647	1648	1651	1652	1653	1654	1655	1659	1660	1662	1663	
Circle	#70
1792	1857	1793	1798	1865	1805	1806	1873	1874	1811	1813	1878	1558	1814	1816	1817	1818	1884	1889	1827	1763	1766	1832	1833	1582	1778	1844	1849	1787	1789	1790	
Circle	#71
1831	1866	1853	
Circle	#72
1777	1798	1852	1839	
Circle	#73
1792	1857	1794	1800	1802	1805	1806	1871	1873	1874	1813	1816	1880	1817	1883	1884	1889	1763	1827	1828	1833	1837	1582	1778	1844	1783	1849	1789	1790	
Circle	#74
1828	1764	1829	1798	1767	1866	1771	1869	1582	1780	1558	1814	1850	1787	1853	
Circle	#75
1842	1892	1765	1813	1829	1830	1767	1864	1821	1773	
Circle	#76
1793	1795	1797	1830	1798	1767	1773	1805	1582	1807	1839	1842	1779	1813	1852	1789	1886	1791	1887	
Circle	#77
1777	1826	1813	1798	1847	1852	1839	
Circle	#78
1842	1779	1797	1767	1886	1807	1887	
Circle	#79
1636	
Circle	#80
1927	1898	
Circle	#81
1970	1908	1956	1894	1980	
Circle	#82
1955	1957	1990	1927	1127	1992	1898	75	1020	
Circle	#83
1937	1895	1899	1916	1901	2013	1982	2015	
Circle	#84
1970	1956	1924	1908	1974	1894	1980	
Circle	#85
1936	1921	1923	1957	1958	2007	1983	
Circle	#86
1953	2002	1907	1988	2006	2007	1897	1963	1917	1934	
Circle	#87
1906	1636	1944	1994	
Circle	#88
1088	1921	1986	1922	1990	1927	1992	1930	75	1995	1938	1940	1946	1955	1957	1958	1127	1960	1898	1967	1974	1144	1977	1914	1020	
Circle	#89
1925	1926	1928	1929	1931	1932	1933	1935	1937	1941	1942	1943	1945	1947	1948	1949	1950	1951	1952	1954	1959	1961	1964	1965	1966	1968	1969	1971	1972	1975	1976	1978	1979	1981	1982	1984	1985	1986	1987	1991	1993	1995	1996	1997	2000	2001	2003	2004	2005	2008	2009	2010	2011	2013	2014	2015	2016	2017	2018	2019	2020	1893	1895	1896	1900	1901	1902	1903	1904	1905	1909	1910	1911	1913	1915	1916	
Circle	#90
2048	2049	2051	2052	2054	2057	2059	2060	2064	2066	2067	2072	2076	2077	2083	2085	2025	2092	2093	2095	2096	2033	2035	2038	2042	2045	2047	
Circle	#91
2054	
Circle	#92
2051	2084	2022	2056	2088	2025	2090	2061	2029	2031	2063	2071	2076	
Circle	#93
2065	2049	2068	2056	2044	
Circle	#94
2088	2029	2063	
Circle	#95
2051	2084	2022	2071	2088	2025	2075	2029	2063	
Circle	#96
2048	2051	2072	2025	2074	2060	2061	2077	2047	
Circle	#97
2080	
Circle	#98
2050	2053	2055	2058	2063	2069	2070	2071	2073	2075	2078	2079	2080	2081	2082	2084	2021	2086	2022	2087	2024	2088	2089	2090	2026	2091	2027	2028	2029	2030	2094	2031	2032	2034	2036	2037	2040	2041	2043	2046	
Circle	#99
2052	2085	2023	2057	2059	2092	2093	2062	2095	2035	2038	2042	2076	2045	
Circle	#100
2185	1356	2173	2174	
Circle	#101
2114	2242	2244	9	2188	2190	2126	2193	850	1235	2131	2197	2199	2137	2138	93	33	2145	2146	162	2212	101	2152	2218	2154	1133	2222	2225	2161	2167	2168	2170	2235	2107	2171	
Circle	#102
2245	2118	2215	2183	2250	1356	2159	1235	1363	2195	2100	2103	1879	2173	2174	127	
Circle	#103
2194	2130	2132	2117	2214	2217	2108	2126	2223	
Circle	#104
2209	2210	2243	2245	2118	2119	2215	2151	2183	2250	1356	2157	2159	1235	2195	1363	2134	2103	1879	2173	2174	
Circle	#105
2116	2181	2182	2247	2121	2251	2252	2124	2192	2128	2196	2133	2198	2136	2201	2208	2213	2220	2156	2221	2099	2101	2165	2229	2102	2166	
Circle	#106
2208	2181	2229	2165	2198	2166	2135	2201	2252	
Circle	#107
2369	2370	2310	2375	2379	2317	2382	2318	2256	2385	2387	2323	2389	2262	2390	2391	2265	2329	2266	2332	2397	2398	2334	2272	2338	2275	2276	2340	2343	2280	2285	2286	2350	2289	2291	2293	2295	2301	2365	
Circle	#108
2288	2297	2314	
Circle	#109
2337	2369	2338	2276	2310	2343	2375	2280	2282	2379	2286	2350	2385	2387	2323	2262	2295	2265	2329	2332	
Circle	#110
2392	2381	
Circle	#111
2339	2324	2331	2349	2302	
Circle	#112
2345	2313	2362	2399	
Circle	#113
2373	2293	
Circle	#114
2256	2370	2373	2301	2398	2382	
Circle	#115
2289	2291	2373	2390	2317	2318	2350	
Circle	#116
2304	2274	2373	2374	2279	2376	2281	2346	2284	2320	2386	2355	2358	2359	2392	2362	2269	2270	2399	
Circle	#117
2291	2361	2350	2334	
Circle	#118
2307	2339	2278	2312	2377	2345	2331	2283	2396	2302	2271	
Circle	#119
2345	
Circle	#120
2273	2360	2394	2378	2363	2399	2351	
Circle	#121
2336	2341	2319	2287	2256	2321	2356	2260	2261	2327	2298	2395	2299	2271	2335	
Circle	#122
2354	2258	2284	
Circle	#123
2305	2308	2309	2311	2313	2315	2316	2317	2319	2321	2322	2324	2325	2326	2327	2328	2330	2333	2334	2335	2336	2340	2341	2342	2344	2345	2347	2348	2352	2353	2354	2356	2357	2361	2364	2365	2366	2367	2368	2371	2381	2383	2256	2384	2258	2259	2260	2389	2261	2263	2391	2392	2393	2266	2267	2395	2268	2397	2272	2275	2277	2283	2285	2287	2289	2290	2292	2294	2296	2298	2299	2300	2303	
Circle	#124
2432	2468	
Circle	#125
2464	2469	2425	
Circle	#126
2432	2497	2498	2499	2436	2500	2443	2131	2451	2457	2461	2145	33	2402	2466	2468	2404	2405	2470	2480	2161	2481	2419	2483	2421	2424	2488	2430	
Circle	#127
2401	2402	2471	2504	2506	2442	2410	2508	2444	2509	2510	2478	2447	2481	2449	2451	2483	2453	2454	2489	2426	2429	2462	
Circle	#128
2496	2419	1955	2485	2245	886	2487	2488	127	
Circle	#129
2403	2245	2504	2475	2412	2476	1132	1356	2480	2422	886	2426	2490	2174	127	
Circle	#130
2497	2402	2466	2406	2470	2119	2440	2444	2414	2510	2478	2419	2459	2460	2430	2431	
Circle	#131
2432	2442	2447	2449	2451	2452	2453	2454	2457	2461	2462	2464	33	2465	2468	2469	2472	2475	2480	2481	2483	2486	2487	2489	2490	2491	2496	2499	2500	2501	2503	2504	2506	2507	2508	2509	2131	2145	2401	2404	2410	2412	2161	2424	2425	2426	2428	2429	2430	
Circle	#132
2496	2432	2498	2499	2500	2501	2119	2131	2461	2145	2465	33	802	2466	2468	2404	2405	2470	2417	2161	2419	2485	2486	2487	2488	
