Modularity: 0.789182 
Community 1: 
[1, 2228, 2828, 3175, 2157, 12, 2491, 2622, 3409, 49, 64, 1483, 813, 2695, 104, 105, 157, 3200, 3024, 164, 1240, 1491, 187, 428, 1334, 297, 2277, 299, 301, 2340, 3119, 809, 1694, 352, 353, 575, 2069, 2200, 2365, 397, 455, 804, 954, 596, 439, 454, 512, 1153, 478, 479, 572, 573, 1642, 514, 1038, 1526, 1840, 1876, 686, 1189, 1190, 1346, 1653, 965, 693, 1783, 703, 1459, 2156, 767, 790, 1779, 1990, 1991, 792, 798, 806, 1481, 2042, 2582, 1794, 2326, 3248, 2181, 2606, 1009, 1453, 2575, 834, 2588, 2728, 2934, 3480, 855, 920, 2722, 922, 936, 3215, 962, 1096, 2506, 1027, 1139, 1223, 1264, 1448, 1039, 1115, 2813, 1120, 1221, 1239, 1666, 3059, 1272, 1620, 2241, 3306, 1300, 3444, 1325, 1332, 2110, 2256, 2790, 2792, 3378, 1339, 1343, 1387, 2335, 3202, 1602, 1474, 1482, 2188, 2226, 2351, 3311, 1486, 1633, 1686, 2000, 2089, 2194, 2196, 2402, 2430, 2555, 2663, 2673, 2689, 2752, 2779, 2788, 2817, 2879, 3147, 3183, 3214, 3243, 3344, 3353, 3435, 3445, 3216, 3169, 1535, 2720, 1561, 1886, 3210, 1883, 3152, 1911, 1917, 3181, 1924, 2046, 2212, 2213, 2935, 1932, 1954, 2687, 1968, 2922, 2923, 3449, 2285, 2499, 2570, 3081, 2009, 3072, 2068, 3418, 2850, 2085, 2991, 2119, 3281, 2177, 2370, 2686, 3122, 2348, 2661, 2747, 2201, 2600, 2639, 2712, 3019, 2234, 3333, 2280, 3318, 2296, 2504, 2316, 3219, 3220, 2371, 3212, 2398, 2549, 2404, 2467, 3102, 2593, 2758, 2611, 2616, 2678, 3301, 2721, 2872, 2884, 3454, 3173, 3422, 3231, 3446]
Community 2: 
[6, 2589, 3098, 766, 1871, 1873, 2591, 1549, 3224, 1872, 2423, 3086]
Community 3: 
[7, 2092, 2448, 319, 1785, 27, 87, 1285, 2726, 2937, 67, 802, 1505, 68, 697, 85, 273, 1760, 368, 579, 1199, 2061, 2410, 2426, 2636, 3481, 3482, 1160, 153, 797, 159, 1369, 1444, 178, 1365, 179, 2969, 3275, 190, 207, 782, 1762, 2786, 212, 1739, 2760, 251, 1023, 2006, 2429, 252, 366, 440, 477, 595, 1127, 1742, 276, 296, 892, 1251, 298, 317, 796, 819, 324, 523, 779, 883, 1109, 1202, 1800, 2104, 2185, 2304, 2322, 2557, 2647, 2803, 3165, 493, 2662, 2697, 566, 2081, 863, 1546, 610, 1201, 709, 793, 998, 1406, 1654, 1831, 2493, 763, 1882, 867, 2856, 3288, 869, 1276, 824, 888, 825, 826, 857, 1171, 1243, 868, 894, 931, 1065, 1113, 2025, 1164, 1415, 1416, 1194, 1354, 1506, 2494, 2603, 2276, 2655]
Community 4: 
[10, 74, 196, 399, 1048, 1088, 1338, 1719, 1768, 1964, 2301, 2801, 3013, 3295, 234, 1368, 1765, 107, 268, 952, 3375, 126, 638, 733, 876, 1099, 1408, 1409, 211, 231, 2027, 223, 565, 1173, 1250, 495, 544, 605, 982, 3395, 235, 543, 1424, 237, 525, 286, 1525, 314, 639, 2060, 2243, 2321, 2509, 688, 689, 2350, 3061, 739, 927, 1213, 1523, 980, 2392, 2393, 2836, 1477, 2537, 2837, 1136, 1177, 1237, 2154, 2375, 2463, 1942, 3393, 3080, 2339, 2984, 3008, 3016, 3218]
Community 5: 
[13, 614, 162, 242, 721, 729, 1728, 176, 2961, 361, 1140, 1450, 552, 553, 2062, 2677, 3346, 1734, 1692, 535, 1693, 1916, 2628, 2719, 3023, 3067, 3396, 3462, 1119, 1775, 583, 613, 616, 856, 1058, 2449, 3100, 1019, 1146, 1254, 3021, 2587, 2744, 2843, 3156, 3402, 1907, 2511, 3273, 3363, 2240, 2578, 2973, 3064, 2254, 2443, 2446, 2563, 2771, 2845, 2878, 3371]
Community 6: 
[15, 2306, 2411, 2412, 2139, 2437, 474, 2024, 2901, 1247, 653, 598, 762, 1005, 832, 1946, 2366, 2833, 2976, 2977, 3062, 3088, 3124, 3451, 886, 912, 1052, 866, 972, 1493, 2631, 2638, 1006, 1427, 1930, 3090, 1880, 1154, 2242, 1392, 1553, 1730, 3048, 1909, 2741, 2960, 2521, 2053, 2078, 2438, 2440, 2305, 2500, 2569, 2577, 2787, 2797, 2809, 2936, 2979, 3432]
Community 7: 
[17, 1299, 1555, 1792, 3461, 22, 1544, 2706, 38, 227, 713, 56, 129, 1534, 577, 63, 845, 846, 1557, 1296, 434, 460, 1336, 1431, 1717, 90, 1532, 1682, 1699, 91, 1445, 1592, 112, 137, 142, 181, 355, 356, 458, 785, 837, 983, 1035, 1528, 466, 150, 1452, 151, 2239, 2657, 2913, 156, 1364, 1626, 1677, 1817, 1812, 174, 408, 1076, 1101, 1550, 1673, 858, 198, 432, 435, 536, 656, 897, 984, 1003, 1123, 1451, 195, 773, 1040, 1186, 1410, 2776, 202, 225, 1485, 3068, 226, 944, 1156, 1315, 1358, 1669, 1796, 1797, 229, 1042, 1330, 612, 1858, 263, 981, 270, 1041, 1319, 283, 284, 505, 584, 833, 1271, 429, 321, 601, 603, 344, 410, 830, 1021, 1830, 358, 1551, 1552, 390, 1826, 3228, 421, 1043, 422, 1163, 426, 433, 896, 2152, 463, 465, 2852, 2853, 1053, 2473, 2783, 2985, 492, 557, 604, 559, 658, 3474, 657, 847, 879, 1191, 1298, 1619, 1743, 1820, 2590, 3026, 3056, 585, 1347, 597, 1793, 1828, 600, 878, 780, 620, 650, 633, 958, 1774, 644, 645, 646, 687, 1484, 1536, 708, 1147, 3146, 731, 741, 774, 1449, 788, 1056, 1196, 3347, 822, 823, 1107, 838, 841, 1187, 1289, 1588, 1683, 2221, 3299, 850, 873, 919, 923, 924, 1311, 1575, 1594, 3434, 988, 990, 1002, 2498, 3483, 1045, 1434, 2120, 3087, 3471, 1994, 1050, 1950, 3367, 1116, 1644, 1169, 2869, 1439, 1204, 2425, 1207, 1214, 1259, 1256, 1288, 1518, 2163, 1433, 1478, 1499, 1512, 1537, 1562, 1630, 1652, 1684, 1688, 1689, 1696, 1798, 1848, 1975, 1976, 1989, 1997, 2064, 2090, 2231, 2263, 2292, 2309, 2474, 2507, 2548, 2602, 2700, 2791, 2882, 2905, 3186, 3302, 3477, 3487, 1355, 3195, 2971, 3136, 1437, 1565, 1572, 2164, 2885, 1543, 2863, 2924, 2135, 2551, 3028, 1647, 2129, 2838, 3315, 1586, 2114, 1567, 1597, 1577, 1618, 1695, 1698, 2369, 1690, 1746, 2972, 1890, 2311, 1992, 2227, 2464, 2308, 2544, 2704, 3249, 3209]
Community 8: 
[18, 1258, 2522, 2546, 2898, 3274, 57, 69, 117, 445, 905, 1494, 1607, 1875, 1885, 70, 149, 228, 311, 765, 807, 917, 1013, 1129, 1131, 1132, 1795, 2820, 203, 395, 516, 570, 589, 800, 271, 995, 1159, 1637, 1641, 1672, 1700, 1849, 2175, 244, 282, 1425, 3066, 3452, 472, 2008, 2764, 443, 475, 484, 1447, 2409, 2701, 3246, 3276, 910, 1047, 2324, 550, 1736, 647, 700, 2958, 848, 849, 2641, 2643, 1819, 2262, 961, 3018, 1010, 1037, 1192, 2014, 2206, 1206, 2208, 2270, 2447, 1432, 2607, 2656, 3493, 3495, 1606, 2916, 1678, 1679, 2897, 1769, 2125, 3364, 1789, 2956, 3057, 1900, 2466, 2761, 2002, 2044, 2209, 3259, 3394, 2050, 2211, 2238, 2688, 2709, 2950, 3240, 3278, 3417, 2162, 2998, 2315, 2517, 3118, 3120, 2358, 2400, 2894, 2417, 3401, 2457, 2487, 3139, 2642, 3268, 2821, 2899, 2970, 3083, 3304, 3448, 2915, 2993]
Community 9: 
[21, 2265, 2605, 3069, 496, 1360, 1372, 1385, 649, 1340, 1524, 1638, 2248, 2347, 2541, 2604, 2748, 2953, 1467, 2127, 2346]
Community 10: 
[26, 3320, 121, 1290, 1645, 2907, 3144, 554, 1044, 1301, 2267, 1291, 1659, 3321, 1509, 1591, 1665, 2532, 2717, 2823, 2889, 2903, 3322, 3323, 3508, 2626, 2906, 3408]
Community 11: 
[28, 737, 1855, 2294, 256, 1370, 1856, 1857, 318, 330, 1172, 669, 738, 1650, 1861, 1373, 1412, 3407]
Community 12: 
[29, 3096, 3233, 108, 501, 778, 895, 1759, 143, 2147, 3389, 274, 2091, 3138, 287, 342, 343, 1978, 369, 748, 549, 2255, 2476, 591, 2004, 681, 2362, 2680, 1488, 2503, 3197, 3368, 1910, 2302, 2512, 3178, 1958, 2666, 2698, 2013, 2035, 2070, 2075, 2716, 2751, 2176, 2841, 2982, 2948, 3255]
Community 13: 
[42, 417, 1356, 1999, 80, 2492, 136, 1599, 2406, 172, 677, 694, 1610, 213, 1811, 3168, 2632, 2664, 3115, 1046, 3135, 1217, 1423, 1584, 1228, 2334, 2505, 2547, 3143, 3441, 1422, 3111, 1986, 1722, 2223, 2132, 2352, 3309, 3342, 2168, 3134, 3187, 3237, 2414, 3020, 2840, 3386]
Community 14: 
[60, 62, 1236, 2892, 3350, 61]
Community 15: 
[76, 272, 1508, 2495, 115, 1073, 2193, 3503, 3504, 134, 2873, 233, 1000, 1935, 3015, 289, 711, 2067, 652, 3182, 717, 2357, 3238, 801, 2382, 803, 814, 1395, 2518, 1345, 3001, 1436, 2851, 3189, 1780, 1852, 3055, 3372, 1922, 2230, 2286, 2750, 1979, 2011, 2041, 3355, 2996, 2109, 3502, 2143, 3117, 3362, 2363, 2486, 2683, 2770, 2818, 2943, 3006, 3296, 2284, 2353, 2742, 2637, 2707, 2900, 3305, 2401, 3004, 2496, 3500, 3501, 3505, 3506, 3507]
Community 16: 
[86, 155, 191, 372, 500, 1832, 1998, 3166]
Community 17: 
[1208, 189, 815, 839, 1320, 1791, 1853, 194, 907, 1049, 2679, 210, 2021, 504, 250, 1252, 1713, 340, 420, 1374, 1859, 2800, 403, 1906, 3343, 406, 431, 470, 906, 999, 1750, 2039, 2452, 3329, 461, 462, 1608, 640, 641, 2086, 909, 993, 1054, 1380, 1462, 1568, 1707, 2038, 3258, 3491, 3494, 526, 582, 1248, 1674, 1821, 632, 859, 1671, 1702, 701, 3345, 720, 722, 1569, 1675, 1676, 901, 1001, 1984, 1034, 1901, 1209, 1903, 2439, 1763, 2020, 2034, 2388, 2945, 3221, 3349]
Community 18: 
[102, 561, 1212, 133, 1529, 1804, 158, 1018, 2480, 170, 313, 1530, 2778, 269, 2583, 3381, 278, 945, 1835, 281, 538, 2933, 362, 2258, 447, 3252, 452, 522, 528, 581, 1511, 1704, 548, 571, 728, 749, 3356, 818, 1348, 1286, 2012, 1668, 2864, 1310, 1838, 1367, 1402, 1851, 1442, 1480, 2172, 2540, 3161, 2705, 2084, 2279, 2702, 3060, 3217, 3293, 3294, 3467, 3479, 3484, 3485, 1949, 1982, 2317, 2318, 2418, 2559, 2775, 2891, 2941, 3140, 3188, 1854, 2144, 2749, 1936, 2058, 2536, 2179, 2624, 2342, 2674, 2888, 2930, 3071, 3470, 2975, 3385, 2484, 2535]
Community 19: 
[119, 730, 1603, 1726, 2858, 254, 334, 2737, 2802, 2814, 2815, 3101, 407, 674, 696, 1860, 734, 1519, 2158, 2189, 865, 1604, 2736, 2738]
Community 20: 
[131, 341, 747, 750, 751, 791, 1951, 388, 885, 3022, 1808, 2128]
Community 21: 
[135, 2793, 2794, 2819, 3031, 3383, 3391, 332, 1242, 1939, 2108]
Community 22: 
[139, 1970, 2088, 288, 1681, 2811]
Community 23: 
[140, 3058, 1128, 245, 370, 986, 1554, 1612, 1846, 262, 488, 490, 521, 746, 302, 1977, 3034, 401, 684, 977, 1614, 471, 795, 1253, 1513, 1571, 1587, 627, 1613, 706, 2501, 1428, 887, 1295, 2272, 2390, 3130, 1545, 2236, 2745, 3128, 3235, 1891, 2502, 2554, 2634, 3000, 3213, 1973, 3312, 2215, 3423, 2372, 2525, 3095, 3469, 3388, 3442]
Community 24: 
[169, 576, 1510, 1531, 1542, 1634, 2477, 459, 2633, 532, 1142, 555, 1032, 1628, 1263, 2708, 1589, 1595, 1747, 1933, 2385, 2931]
Community 25: 
[173, 3038, 3121, 3279, 1844, 781, 1148, 1149, 3280, 3282, 3283, 2944]
Community 26: 
[238, 293, 580, 323, 2644, 2887, 2968, 3073, 3264, 423, 564, 1138, 3077, 1470, 3265, 3292, 2523]
Community 27: 
[255, 2812, 3206, 3475, 1326, 2693, 3133, 1887, 1888, 2488, 2489, 3465, 3473, 2568, 3476]
Community 28: 
[1502, 315, 827, 2615, 1460, 1764, 520, 843, 2528, 698, 732, 761, 1166, 828, 829, 1661, 1662, 3112, 3239, 1215, 1827]
Community 29: 
[337, 3229, 402, 2214, 2224, 2571, 2921, 416, 1232, 1273, 2222, 699, 971, 3040, 946, 947, 3287, 2045, 2585, 1389, 1596, 1110, 2854, 1293, 1390, 3337, 2047, 2703, 2799, 1919, 3207, 3208, 1965, 2190, 2197, 2377, 2572, 3340, 2005, 2096, 2367, 2580, 2107, 2121, 2332, 2710, 3142, 2203, 2734, 2368, 2472, 3226, 3227, 3351, 2421, 2685, 3063, 2768]
Community 30: 
[378, 1435, 1440, 1731]
Community 31: 
[509, 680, 1815, 1716]
Community 32: 
[2003, 2082, 2635, 3410, 1732, 2036, 2274, 3334]
Community 33: 
[621, 2422, 2648, 2649, 1292, 3382, 1898]
Community 34: 
[634, 2022, 3174, 2026]
Community 35: 
[648, 1377, 1396, 805, 1517, 1219, 2954, 2019]
Community 36: 
[735, 1985, 2608, 1111, 2380, 2877, 3339, 2381, 1563, 2148, 1889, 2099, 3196, 3326, 3455, 1980, 2131, 3234, 2052, 2519, 2515, 2389, 2988, 3054]
Community 37: 
[777, 2268, 1627, 2378, 2849, 2445, 2743, 2848, 2938, 3286]
Community 38: 
[1170, 1741, 2620, 2621, 2672]
Community 39: 
[1265, 2288, 3427, 1938, 2287, 2327, 2550, 2682]
Community 40: 
[1720, 2598, 2990, 3380]
Community 41: 
[2539, 2083, 2123]
Community 42: 
[1952, 1953, 2556, 3132, 3176, 2283, 2762, 3358]
Community 43: 
[2824, 2313, 2865, 2810]
